{
 "cells": [
  {
   "cell_type": "markdown",
   "metadata": {},
   "source": [
    "## 개인 프로젝트 \n",
    "### 주성분 분석 및 랜덤포레스트를 통해 주요 feature를 알아보고 회귀모델 추정\n",
    "---"
   ]
  },
  {
   "cell_type": "code",
   "execution_count": 24,
   "metadata": {},
   "outputs": [],
   "source": [
    "import pandas as pd\n",
    "import matplotlib.pyplot as plt \n",
    "import numpy as np\n",
    "import koreanize_matplotlib\n",
    "from mpl_toolkits.mplot3d import Axes3D"
   ]
  },
  {
   "cell_type": "code",
   "execution_count": 25,
   "metadata": {},
   "outputs": [
    {
     "data": {
      "text/html": [
       "<div>\n",
       "<style scoped>\n",
       "    .dataframe tbody tr th:only-of-type {\n",
       "        vertical-align: middle;\n",
       "    }\n",
       "\n",
       "    .dataframe tbody tr th {\n",
       "        vertical-align: top;\n",
       "    }\n",
       "\n",
       "    .dataframe thead th {\n",
       "        text-align: right;\n",
       "    }\n",
       "</style>\n",
       "<table border=\"1\" class=\"dataframe\">\n",
       "  <thead>\n",
       "    <tr style=\"text-align: right;\">\n",
       "      <th></th>\n",
       "      <th>3:Temperature_Comedor_Sensor</th>\n",
       "      <th>4:Temperature_Habitacion_Sensor</th>\n",
       "      <th>5:Weather_Temperature</th>\n",
       "      <th>6:CO2_Comedor_Sensor</th>\n",
       "      <th>7:CO2_Habitacion_Sensor</th>\n",
       "      <th>8:Humedad_Comedor_Sensor</th>\n",
       "      <th>9:Humedad_Habitacion_Sensor</th>\n",
       "      <th>10:Lighting_Comedor_Sensor</th>\n",
       "      <th>11:Lighting_Habitacion_Sensor</th>\n",
       "      <th>12:Precipitacion</th>\n",
       "      <th>...</th>\n",
       "      <th>14:Meteo_Exterior_Viento</th>\n",
       "      <th>15:Meteo_Exterior_Sol_Oest</th>\n",
       "      <th>16:Meteo_Exterior_Sol_Est</th>\n",
       "      <th>17:Meteo_Exterior_Sol_Sud</th>\n",
       "      <th>18:Meteo_Exterior_Piranometro</th>\n",
       "      <th>19:Exterior_Entalpic_1</th>\n",
       "      <th>20:Exterior_Entalpic_2</th>\n",
       "      <th>21:Exterior_Entalpic_turbo</th>\n",
       "      <th>22:Temperature_Exterior_Sensor</th>\n",
       "      <th>23:Humedad_Exterior_Sensor</th>\n",
       "    </tr>\n",
       "  </thead>\n",
       "  <tbody>\n",
       "    <tr>\n",
       "      <th>0</th>\n",
       "      <td>18.1875</td>\n",
       "      <td>17.8275</td>\n",
       "      <td>0.0000</td>\n",
       "      <td>216.560</td>\n",
       "      <td>221.920</td>\n",
       "      <td>39.9125</td>\n",
       "      <td>42.4150</td>\n",
       "      <td>81.6650</td>\n",
       "      <td>113.5200</td>\n",
       "      <td>0.0</td>\n",
       "      <td>...</td>\n",
       "      <td>1.426250</td>\n",
       "      <td>9690.24</td>\n",
       "      <td>12604.20</td>\n",
       "      <td>95436.800</td>\n",
       "      <td>758.8800</td>\n",
       "      <td>0</td>\n",
       "      <td>0</td>\n",
       "      <td>0</td>\n",
       "      <td>18.1150</td>\n",
       "      <td>48.3750</td>\n",
       "    </tr>\n",
       "    <tr>\n",
       "      <th>1</th>\n",
       "      <td>18.4633</td>\n",
       "      <td>18.1207</td>\n",
       "      <td>6.8000</td>\n",
       "      <td>219.947</td>\n",
       "      <td>220.363</td>\n",
       "      <td>39.9267</td>\n",
       "      <td>42.2453</td>\n",
       "      <td>81.7413</td>\n",
       "      <td>113.6050</td>\n",
       "      <td>0.0</td>\n",
       "      <td>...</td>\n",
       "      <td>1.592000</td>\n",
       "      <td>11022.00</td>\n",
       "      <td>10787.20</td>\n",
       "      <td>95436.800</td>\n",
       "      <td>762.0690</td>\n",
       "      <td>0</td>\n",
       "      <td>0</td>\n",
       "      <td>0</td>\n",
       "      <td>18.4147</td>\n",
       "      <td>47.8080</td>\n",
       "    </tr>\n",
       "    <tr>\n",
       "      <th>2</th>\n",
       "      <td>18.7673</td>\n",
       "      <td>18.4367</td>\n",
       "      <td>17.0000</td>\n",
       "      <td>219.403</td>\n",
       "      <td>218.933</td>\n",
       "      <td>39.7720</td>\n",
       "      <td>42.2267</td>\n",
       "      <td>81.4240</td>\n",
       "      <td>113.6000</td>\n",
       "      <td>0.0</td>\n",
       "      <td>...</td>\n",
       "      <td>1.891330</td>\n",
       "      <td>13960.50</td>\n",
       "      <td>9669.63</td>\n",
       "      <td>95398.600</td>\n",
       "      <td>766.2510</td>\n",
       "      <td>0</td>\n",
       "      <td>0</td>\n",
       "      <td>0</td>\n",
       "      <td>18.8533</td>\n",
       "      <td>47.4320</td>\n",
       "    </tr>\n",
       "    <tr>\n",
       "      <th>3</th>\n",
       "      <td>19.0727</td>\n",
       "      <td>18.7513</td>\n",
       "      <td>18.0000</td>\n",
       "      <td>218.613</td>\n",
       "      <td>217.045</td>\n",
       "      <td>39.7760</td>\n",
       "      <td>42.0987</td>\n",
       "      <td>81.5013</td>\n",
       "      <td>113.3440</td>\n",
       "      <td>0.0</td>\n",
       "      <td>...</td>\n",
       "      <td>1.828000</td>\n",
       "      <td>18511.20</td>\n",
       "      <td>9648.13</td>\n",
       "      <td>95360.300</td>\n",
       "      <td>766.0370</td>\n",
       "      <td>0</td>\n",
       "      <td>0</td>\n",
       "      <td>0</td>\n",
       "      <td>19.2907</td>\n",
       "      <td>47.0240</td>\n",
       "    </tr>\n",
       "    <tr>\n",
       "      <th>4</th>\n",
       "      <td>19.3721</td>\n",
       "      <td>19.0414</td>\n",
       "      <td>20.0000</td>\n",
       "      <td>217.714</td>\n",
       "      <td>216.080</td>\n",
       "      <td>39.7757</td>\n",
       "      <td>42.0686</td>\n",
       "      <td>81.4657</td>\n",
       "      <td>113.0340</td>\n",
       "      <td>0.0</td>\n",
       "      <td>...</td>\n",
       "      <td>2.360710</td>\n",
       "      <td>26349.00</td>\n",
       "      <td>9208.32</td>\n",
       "      <td>95354.900</td>\n",
       "      <td>762.7430</td>\n",
       "      <td>0</td>\n",
       "      <td>0</td>\n",
       "      <td>0</td>\n",
       "      <td>19.7400</td>\n",
       "      <td>45.4743</td>\n",
       "    </tr>\n",
       "    <tr>\n",
       "      <th>...</th>\n",
       "      <td>...</td>\n",
       "      <td>...</td>\n",
       "      <td>...</td>\n",
       "      <td>...</td>\n",
       "      <td>...</td>\n",
       "      <td>...</td>\n",
       "      <td>...</td>\n",
       "      <td>...</td>\n",
       "      <td>...</td>\n",
       "      <td>...</td>\n",
       "      <td>...</td>\n",
       "      <td>...</td>\n",
       "      <td>...</td>\n",
       "      <td>...</td>\n",
       "      <td>...</td>\n",
       "      <td>...</td>\n",
       "      <td>...</td>\n",
       "      <td>...</td>\n",
       "      <td>...</td>\n",
       "      <td>...</td>\n",
       "      <td>...</td>\n",
       "    </tr>\n",
       "    <tr>\n",
       "      <th>2759</th>\n",
       "      <td>21.1520</td>\n",
       "      <td>20.8187</td>\n",
       "      <td>13.0000</td>\n",
       "      <td>190.539</td>\n",
       "      <td>192.181</td>\n",
       "      <td>41.3120</td>\n",
       "      <td>41.6880</td>\n",
       "      <td>11.4427</td>\n",
       "      <td>12.9400</td>\n",
       "      <td>0.0</td>\n",
       "      <td>...</td>\n",
       "      <td>0.074667</td>\n",
       "      <td>0.00</td>\n",
       "      <td>0.00</td>\n",
       "      <td>0.000</td>\n",
       "      <td>-3.4340</td>\n",
       "      <td>0</td>\n",
       "      <td>0</td>\n",
       "      <td>0</td>\n",
       "      <td>16.6180</td>\n",
       "      <td>49.2960</td>\n",
       "    </tr>\n",
       "    <tr>\n",
       "      <th>2760</th>\n",
       "      <td>21.0413</td>\n",
       "      <td>20.7053</td>\n",
       "      <td>12.1333</td>\n",
       "      <td>190.421</td>\n",
       "      <td>193.067</td>\n",
       "      <td>41.3173</td>\n",
       "      <td>41.7200</td>\n",
       "      <td>11.6867</td>\n",
       "      <td>19.3200</td>\n",
       "      <td>0.0</td>\n",
       "      <td>...</td>\n",
       "      <td>0.000000</td>\n",
       "      <td>465.92</td>\n",
       "      <td>2716.67</td>\n",
       "      <td>523.264</td>\n",
       "      <td>3.8520</td>\n",
       "      <td>0</td>\n",
       "      <td>0</td>\n",
       "      <td>0</td>\n",
       "      <td>16.4013</td>\n",
       "      <td>50.0373</td>\n",
       "    </tr>\n",
       "    <tr>\n",
       "      <th>2761</th>\n",
       "      <td>20.9347</td>\n",
       "      <td>20.5827</td>\n",
       "      <td>12.0000</td>\n",
       "      <td>190.432</td>\n",
       "      <td>193.653</td>\n",
       "      <td>41.3333</td>\n",
       "      <td>41.7573</td>\n",
       "      <td>19.5387</td>\n",
       "      <td>23.2427</td>\n",
       "      <td>0.0</td>\n",
       "      <td>...</td>\n",
       "      <td>0.310667</td>\n",
       "      <td>3454.98</td>\n",
       "      <td>16203.80</td>\n",
       "      <td>3347.460</td>\n",
       "      <td>26.8300</td>\n",
       "      <td>0</td>\n",
       "      <td>0</td>\n",
       "      <td>0</td>\n",
       "      <td>16.2607</td>\n",
       "      <td>50.0587</td>\n",
       "    </tr>\n",
       "    <tr>\n",
       "      <th>2762</th>\n",
       "      <td>20.8560</td>\n",
       "      <td>20.5200</td>\n",
       "      <td>12.0000</td>\n",
       "      <td>191.531</td>\n",
       "      <td>193.387</td>\n",
       "      <td>41.3093</td>\n",
       "      <td>41.8107</td>\n",
       "      <td>20.9853</td>\n",
       "      <td>23.4400</td>\n",
       "      <td>0.0</td>\n",
       "      <td>...</td>\n",
       "      <td>0.299333</td>\n",
       "      <td>6795.26</td>\n",
       "      <td>38303.10</td>\n",
       "      <td>7110.660</td>\n",
       "      <td>66.9493</td>\n",
       "      <td>0</td>\n",
       "      <td>0</td>\n",
       "      <td>0</td>\n",
       "      <td>16.2367</td>\n",
       "      <td>49.8400</td>\n",
       "    </tr>\n",
       "    <tr>\n",
       "      <th>2763</th>\n",
       "      <td>20.7627</td>\n",
       "      <td>20.4400</td>\n",
       "      <td>12.1333</td>\n",
       "      <td>191.563</td>\n",
       "      <td>193.664</td>\n",
       "      <td>41.2800</td>\n",
       "      <td>41.8373</td>\n",
       "      <td>20.5620</td>\n",
       "      <td>22.3080</td>\n",
       "      <td>0.0</td>\n",
       "      <td>...</td>\n",
       "      <td>0.908000</td>\n",
       "      <td>8952.83</td>\n",
       "      <td>51347.50</td>\n",
       "      <td>10270.700</td>\n",
       "      <td>112.2670</td>\n",
       "      <td>0</td>\n",
       "      <td>0</td>\n",
       "      <td>0</td>\n",
       "      <td>16.2860</td>\n",
       "      <td>50.2987</td>\n",
       "    </tr>\n",
       "  </tbody>\n",
       "</table>\n",
       "<p>2764 rows × 21 columns</p>\n",
       "</div>"
      ],
      "text/plain": [
       "      3:Temperature_Comedor_Sensor  4:Temperature_Habitacion_Sensor  \\\n",
       "0                          18.1875                          17.8275   \n",
       "1                          18.4633                          18.1207   \n",
       "2                          18.7673                          18.4367   \n",
       "3                          19.0727                          18.7513   \n",
       "4                          19.3721                          19.0414   \n",
       "...                            ...                              ...   \n",
       "2759                       21.1520                          20.8187   \n",
       "2760                       21.0413                          20.7053   \n",
       "2761                       20.9347                          20.5827   \n",
       "2762                       20.8560                          20.5200   \n",
       "2763                       20.7627                          20.4400   \n",
       "\n",
       "      5:Weather_Temperature  6:CO2_Comedor_Sensor  7:CO2_Habitacion_Sensor  \\\n",
       "0                    0.0000               216.560                  221.920   \n",
       "1                    6.8000               219.947                  220.363   \n",
       "2                   17.0000               219.403                  218.933   \n",
       "3                   18.0000               218.613                  217.045   \n",
       "4                   20.0000               217.714                  216.080   \n",
       "...                     ...                   ...                      ...   \n",
       "2759                13.0000               190.539                  192.181   \n",
       "2760                12.1333               190.421                  193.067   \n",
       "2761                12.0000               190.432                  193.653   \n",
       "2762                12.0000               191.531                  193.387   \n",
       "2763                12.1333               191.563                  193.664   \n",
       "\n",
       "      8:Humedad_Comedor_Sensor  9:Humedad_Habitacion_Sensor  \\\n",
       "0                      39.9125                      42.4150   \n",
       "1                      39.9267                      42.2453   \n",
       "2                      39.7720                      42.2267   \n",
       "3                      39.7760                      42.0987   \n",
       "4                      39.7757                      42.0686   \n",
       "...                        ...                          ...   \n",
       "2759                   41.3120                      41.6880   \n",
       "2760                   41.3173                      41.7200   \n",
       "2761                   41.3333                      41.7573   \n",
       "2762                   41.3093                      41.8107   \n",
       "2763                   41.2800                      41.8373   \n",
       "\n",
       "      10:Lighting_Comedor_Sensor  11:Lighting_Habitacion_Sensor  \\\n",
       "0                        81.6650                       113.5200   \n",
       "1                        81.7413                       113.6050   \n",
       "2                        81.4240                       113.6000   \n",
       "3                        81.5013                       113.3440   \n",
       "4                        81.4657                       113.0340   \n",
       "...                          ...                            ...   \n",
       "2759                     11.4427                        12.9400   \n",
       "2760                     11.6867                        19.3200   \n",
       "2761                     19.5387                        23.2427   \n",
       "2762                     20.9853                        23.4400   \n",
       "2763                     20.5620                        22.3080   \n",
       "\n",
       "      12:Precipitacion  ...  14:Meteo_Exterior_Viento  \\\n",
       "0                  0.0  ...                  1.426250   \n",
       "1                  0.0  ...                  1.592000   \n",
       "2                  0.0  ...                  1.891330   \n",
       "3                  0.0  ...                  1.828000   \n",
       "4                  0.0  ...                  2.360710   \n",
       "...                ...  ...                       ...   \n",
       "2759               0.0  ...                  0.074667   \n",
       "2760               0.0  ...                  0.000000   \n",
       "2761               0.0  ...                  0.310667   \n",
       "2762               0.0  ...                  0.299333   \n",
       "2763               0.0  ...                  0.908000   \n",
       "\n",
       "      15:Meteo_Exterior_Sol_Oest  16:Meteo_Exterior_Sol_Est  \\\n",
       "0                        9690.24                   12604.20   \n",
       "1                       11022.00                   10787.20   \n",
       "2                       13960.50                    9669.63   \n",
       "3                       18511.20                    9648.13   \n",
       "4                       26349.00                    9208.32   \n",
       "...                          ...                        ...   \n",
       "2759                        0.00                       0.00   \n",
       "2760                      465.92                    2716.67   \n",
       "2761                     3454.98                   16203.80   \n",
       "2762                     6795.26                   38303.10   \n",
       "2763                     8952.83                   51347.50   \n",
       "\n",
       "      17:Meteo_Exterior_Sol_Sud  18:Meteo_Exterior_Piranometro  \\\n",
       "0                     95436.800                       758.8800   \n",
       "1                     95436.800                       762.0690   \n",
       "2                     95398.600                       766.2510   \n",
       "3                     95360.300                       766.0370   \n",
       "4                     95354.900                       762.7430   \n",
       "...                         ...                            ...   \n",
       "2759                      0.000                        -3.4340   \n",
       "2760                    523.264                         3.8520   \n",
       "2761                   3347.460                        26.8300   \n",
       "2762                   7110.660                        66.9493   \n",
       "2763                  10270.700                       112.2670   \n",
       "\n",
       "      19:Exterior_Entalpic_1  20:Exterior_Entalpic_2  \\\n",
       "0                          0                       0   \n",
       "1                          0                       0   \n",
       "2                          0                       0   \n",
       "3                          0                       0   \n",
       "4                          0                       0   \n",
       "...                      ...                     ...   \n",
       "2759                       0                       0   \n",
       "2760                       0                       0   \n",
       "2761                       0                       0   \n",
       "2762                       0                       0   \n",
       "2763                       0                       0   \n",
       "\n",
       "      21:Exterior_Entalpic_turbo  22:Temperature_Exterior_Sensor  \\\n",
       "0                              0                         18.1150   \n",
       "1                              0                         18.4147   \n",
       "2                              0                         18.8533   \n",
       "3                              0                         19.2907   \n",
       "4                              0                         19.7400   \n",
       "...                          ...                             ...   \n",
       "2759                           0                         16.6180   \n",
       "2760                           0                         16.4013   \n",
       "2761                           0                         16.2607   \n",
       "2762                           0                         16.2367   \n",
       "2763                           0                         16.2860   \n",
       "\n",
       "      23:Humedad_Exterior_Sensor  \n",
       "0                        48.3750  \n",
       "1                        47.8080  \n",
       "2                        47.4320  \n",
       "3                        47.0240  \n",
       "4                        45.4743  \n",
       "...                          ...  \n",
       "2759                     49.2960  \n",
       "2760                     50.0373  \n",
       "2761                     50.0587  \n",
       "2762                     49.8400  \n",
       "2763                     50.2987  \n",
       "\n",
       "[2764 rows x 21 columns]"
      ]
     },
     "execution_count": 25,
     "metadata": {},
     "output_type": "execute_result"
    }
   ],
   "source": [
    "df = pd.read_csv('데이터/NEW-DATA-1.T15.csv')\n",
    "df"
   ]
  },
  {
   "cell_type": "code",
   "execution_count": 26,
   "metadata": {},
   "outputs": [
    {
     "name": "stdout",
     "output_type": "stream",
     "text": [
      "<class 'pandas.core.frame.DataFrame'>\n",
      "RangeIndex: 2764 entries, 0 to 2763\n",
      "Data columns (total 21 columns):\n",
      " #   Column                           Non-Null Count  Dtype  \n",
      "---  ------                           --------------  -----  \n",
      " 0   3:Temperature_Comedor_Sensor     2764 non-null   float64\n",
      " 1   4:Temperature_Habitacion_Sensor  2764 non-null   float64\n",
      " 2   5:Weather_Temperature            2764 non-null   float64\n",
      " 3   6:CO2_Comedor_Sensor             2764 non-null   float64\n",
      " 4   7:CO2_Habitacion_Sensor          2764 non-null   float64\n",
      " 5   8:Humedad_Comedor_Sensor         2764 non-null   float64\n",
      " 6   9:Humedad_Habitacion_Sensor      2764 non-null   float64\n",
      " 7   10:Lighting_Comedor_Sensor       2764 non-null   float64\n",
      " 8   11:Lighting_Habitacion_Sensor    2764 non-null   float64\n",
      " 9   12:Precipitacion                 2764 non-null   float64\n",
      " 10  13:Meteo_Exterior_Crepusculo     2764 non-null   float64\n",
      " 11  14:Meteo_Exterior_Viento         2764 non-null   float64\n",
      " 12  15:Meteo_Exterior_Sol_Oest       2764 non-null   float64\n",
      " 13  16:Meteo_Exterior_Sol_Est        2764 non-null   float64\n",
      " 14  17:Meteo_Exterior_Sol_Sud        2764 non-null   float64\n",
      " 15  18:Meteo_Exterior_Piranometro    2764 non-null   float64\n",
      " 16  19:Exterior_Entalpic_1           2764 non-null   int64  \n",
      " 17  20:Exterior_Entalpic_2           2764 non-null   int64  \n",
      " 18  21:Exterior_Entalpic_turbo       2764 non-null   int64  \n",
      " 19  22:Temperature_Exterior_Sensor   2764 non-null   float64\n",
      " 20  23:Humedad_Exterior_Sensor       2764 non-null   float64\n",
      "dtypes: float64(18), int64(3)\n",
      "memory usage: 453.6 KB\n"
     ]
    }
   ],
   "source": [
    "df.info()"
   ]
  },
  {
   "cell_type": "code",
   "execution_count": 27,
   "metadata": {},
   "outputs": [
    {
     "data": {
      "text/plain": [
       "Index(['3:Temperature_Comedor_Sensor', '4:Temperature_Habitacion_Sensor',\n",
       "       '5:Weather_Temperature', '6:CO2_Comedor_Sensor',\n",
       "       '7:CO2_Habitacion_Sensor', '8:Humedad_Comedor_Sensor',\n",
       "       '9:Humedad_Habitacion_Sensor', '10:Lighting_Comedor_Sensor',\n",
       "       '11:Lighting_Habitacion_Sensor', '12:Precipitacion',\n",
       "       '13:Meteo_Exterior_Crepusculo', '14:Meteo_Exterior_Viento',\n",
       "       '15:Meteo_Exterior_Sol_Oest', '16:Meteo_Exterior_Sol_Est',\n",
       "       '17:Meteo_Exterior_Sol_Sud', '18:Meteo_Exterior_Piranometro',\n",
       "       '19:Exterior_Entalpic_1', '20:Exterior_Entalpic_2',\n",
       "       '21:Exterior_Entalpic_turbo', '22:Temperature_Exterior_Sensor',\n",
       "       '23:Humedad_Exterior_Sensor'],\n",
       "      dtype='object')"
      ]
     },
     "execution_count": 27,
     "metadata": {},
     "output_type": "execute_result"
    }
   ],
   "source": [
    "df.columns"
   ]
  },
  {
   "cell_type": "code",
   "execution_count": 28,
   "metadata": {},
   "outputs": [
    {
     "data": {
      "text/plain": [
       "21"
      ]
     },
     "execution_count": 28,
     "metadata": {},
     "output_type": "execute_result"
    }
   ],
   "source": [
    "len(df.columns)"
   ]
  },
  {
   "cell_type": "markdown",
   "metadata": {},
   "source": [
    "feature의 개수가 21개이므로 주성분 분석 실행"
   ]
  },
  {
   "cell_type": "code",
   "execution_count": 29,
   "metadata": {},
   "outputs": [],
   "source": [
    "# 데이터 지정 \n",
    "\n",
    "from sklearn.preprocessing import StandardScaler\n",
    "\n",
    "target_column = '5:Weather_Temperature'\n",
    "x = df[df.columns.drop([target_column])]\n",
    "y = df[[target_column]]"
   ]
  },
  {
   "cell_type": "code",
   "execution_count": 30,
   "metadata": {},
   "outputs": [],
   "source": [
    "# 데이터 표준화 \n",
    "\n",
    "from sklearn.preprocessing import StandardScaler\n",
    "\n",
    "x_scaled = StandardScaler().fit_transform(x)"
   ]
  },
  {
   "cell_type": "code",
   "execution_count": 31,
   "metadata": {},
   "outputs": [
    {
     "data": {
      "text/plain": [
       "array([[-0.35481723, -0.35358727,  0.29898394, ...,  0.        ,\n",
       "         0.34931663, -0.58437731],\n",
       "       [-0.25814023, -0.24964025,  0.42429937, ...,  0.        ,\n",
       "         0.42645618, -0.62793488],\n",
       "       [-0.1515782 , -0.13761003,  0.40417194, ...,  0.        ,\n",
       "         0.5393471 , -0.65681962],\n",
       "       ...,\n",
       "       [ 0.60816701,  0.62320279, -0.66772458, ...,  0.        ,\n",
       "        -0.12796023, -0.4550336 ],\n",
       "       [ 0.58058006,  0.60097401, -0.62706274, ...,  0.        ,\n",
       "        -0.13413758, -0.47183438],\n",
       "       [ 0.54787533,  0.57261193, -0.62587877, ...,  0.        ,\n",
       "        -0.12144829, -0.43659654]])"
      ]
     },
     "execution_count": 31,
     "metadata": {},
     "output_type": "execute_result"
    }
   ],
   "source": [
    "x_scaled"
   ]
  },
  {
   "cell_type": "code",
   "execution_count": 32,
   "metadata": {},
   "outputs": [
    {
     "name": "stdout",
     "output_type": "stream",
     "text": [
      "[[ 8.14140482e+00  7.97678457e+00  3.87281760e+00  2.34017286e+00\n",
      "  -5.13296593e+00 -8.88498647e+00  1.97780604e+00 -4.64773153e+00\n",
      "  -1.59387608e-01  4.06343289e+01  6.62131246e-01  2.46779355e+04\n",
      "  -1.76830924e+04 -3.64760063e+03  7.46905504e+01  0.00000000e+00\n",
      "   0.00000000e+00  0.00000000e+00  9.49089691e+00 -2.08208008e+01]\n",
      " [ 7.97678457e+00  7.95904469e+00  4.67964615e+00  4.51336573e+00\n",
      "  -5.11428445e+00 -8.91043862e+00  4.55263747e+00  2.69043627e-01\n",
      "  -1.53147795e-01  5.92948705e+01  7.22946061e-01  2.45595913e+04\n",
      "  -1.65145903e+04  6.65004656e+00  1.03468493e+02  0.00000000e+00\n",
      "   0.00000000e+00  0.00000000e+00  9.46540089e+00 -2.01901198e+01]\n",
      " [ 3.87281760e+00  4.67964615e+00  7.30766112e+02  7.12279215e+02\n",
      "  -8.36549514e-01 -5.55099656e+00  1.60640926e+02  2.45448240e+02\n",
      "  -4.36519951e-01  1.00534798e+03  9.16355307e-01  1.02817498e+05\n",
      "   1.39005346e+04  2.26948733e+05  1.81987667e+03  0.00000000e+00\n",
      "   0.00000000e+00  0.00000000e+00  9.77962469e+00 -9.93757842e+00]\n",
      " [ 2.34017286e+00  4.51336573e+00  7.12279215e+02  8.10492134e+02\n",
      "  -2.48341433e+00 -4.78614574e+00  1.60334295e+02  2.37037566e+02\n",
      "  -4.55446390e-01  9.37986635e+02  3.03972688e-01  8.50390465e+04\n",
      "   7.78342090e+03  2.25794836e+05  1.72803791e+03  0.00000000e+00\n",
      "   0.00000000e+00  0.00000000e+00  7.42207293e+00 -3.50721703e+00]\n",
      " [-5.13296593e+00 -5.11428445e+00 -8.36549514e-01 -2.48341433e+00\n",
      "   4.33943650e+01  4.63645378e+01 -7.15205441e+00 -4.92227122e+00\n",
      "  -1.11106998e-01 -1.05415529e+02 -1.51113708e+00 -1.71900530e+04\n",
      "  -2.36535573e+03 -1.22858886e+04 -8.85801363e+01  0.00000000e+00\n",
      "   0.00000000e+00  0.00000000e+00 -4.62478525e+00  5.97765122e+01]\n",
      " [-8.88498647e+00 -8.91043862e+00 -5.55099656e+00 -4.78614574e+00\n",
      "   4.63645378e+01  5.71202693e+01 -2.05022961e+01 -2.97101234e+01\n",
      "   8.01766001e-02 -1.92736624e+02 -1.34526441e+00 -2.56904824e+04\n",
      "  -1.10810971e+04 -3.30009355e+04 -2.70268313e+02  0.00000000e+00\n",
      "   0.00000000e+00  0.00000000e+00 -8.47746117e+00  7.97029522e+01]\n",
      " [ 1.97780604e+00  4.55263747e+00  1.60640926e+02  1.60334295e+02\n",
      "  -7.15205441e+00 -2.05022961e+01  5.42817331e+02  9.35494365e+02\n",
      "  -5.21179063e-01  4.49001101e+03  1.47464739e+01  2.57923675e+05\n",
      "   2.05028794e+05  7.23471055e+05  6.56599169e+03  0.00000000e+00\n",
      "   0.00000000e+00  0.00000000e+00  3.37530339e+01 -6.69265808e+01]\n",
      " [-4.64773153e+00  2.69043627e-01  2.45448240e+02  2.37037566e+02\n",
      "  -4.92227122e+00 -2.97101234e+01  9.35494365e+02  1.79149760e+03\n",
      "  -9.81934665e-01  8.12896777e+03  2.33919831e+01  3.46236821e+05\n",
      "   5.20964297e+05  1.33670333e+06  1.17282412e+04  0.00000000e+00\n",
      "   0.00000000e+00  0.00000000e+00  5.00935141e+01 -1.00493056e+02]\n",
      " [-1.59387608e-01 -1.53147795e-01 -4.36519951e-01 -4.55446390e-01\n",
      "  -1.11106998e-01  8.01766001e-02 -5.21179063e-01 -9.81934665e-01\n",
      "   4.27269491e-02 -3.56969087e-01  5.75082674e-02 -6.26175041e+02\n",
      "  -4.75523592e+02 -9.26790968e+02 -8.54925339e+00  0.00000000e+00\n",
      "   0.00000000e+00  0.00000000e+00 -1.83937071e-01  7.91370032e-01]\n",
      " [ 4.06343289e+01  5.92948705e+01  1.00534798e+03  9.37986635e+02\n",
      "  -1.05415529e+02 -1.92736624e+02  4.49001101e+03  8.12896777e+03\n",
      "  -3.56969087e-01  9.30631986e+04  1.91945180e+02  4.39535959e+06\n",
      "   3.61299195e+06  6.52270401e+06  6.45452365e+04  0.00000000e+00\n",
      "   0.00000000e+00  0.00000000e+00  4.28623879e+02 -8.51364525e+02]\n",
      " [ 6.62131246e-01  7.22946061e-01  9.16355307e-01  3.03972688e-01\n",
      "  -1.51113708e+00 -1.34526441e+00  1.47464739e+01  2.33919831e+01\n",
      "   5.75082674e-02  1.91945180e+02  1.34857820e+00  1.86652751e+04\n",
      "   1.66265677e+03  1.80754855e+04  2.13380373e+02  0.00000000e+00\n",
      "   0.00000000e+00  0.00000000e+00  2.37075282e+00 -4.42085724e+00]\n",
      " [ 2.46779355e+04  2.45595913e+04  1.02817498e+05  8.50390465e+04\n",
      "  -1.71900530e+04 -2.56904824e+04  2.57923675e+05  3.46236821e+05\n",
      "  -6.26175041e+02  4.39535959e+06  1.86652751e+04  6.74131864e+08\n",
      "   6.31871276e+07  3.53816983e+08  4.64572356e+06  0.00000000e+00\n",
      "   0.00000000e+00  0.00000000e+00  5.79880973e+04 -1.21648869e+05]\n",
      " [-1.76830924e+04 -1.65145903e+04  1.39005346e+04  7.78342090e+03\n",
      "  -2.36535573e+03 -1.10810971e+04  2.05028794e+05  5.20964297e+05\n",
      "  -4.75523592e+02  3.61299195e+06  1.66265677e+03  6.31871276e+07\n",
      "   4.73434521e+08  4.34106119e+08  3.16951578e+06  0.00000000e+00\n",
      "   0.00000000e+00  0.00000000e+00 -9.62116430e+03 -1.72203215e+04]\n",
      " [-3.64760063e+03  6.65004656e+00  2.26948733e+05  2.25794836e+05\n",
      "  -1.22858886e+04 -3.30009355e+04  7.23471055e+05  1.33670333e+06\n",
      "  -9.26790968e+02  6.52270401e+06  1.80754855e+04  3.53816983e+08\n",
      "   4.34106119e+08  1.06990400e+09  9.21805218e+06  0.00000000e+00\n",
      "   0.00000000e+00  0.00000000e+00  3.78822908e+04 -9.19406762e+04]\n",
      " [ 7.46905504e+01  1.03468493e+02  1.81987667e+03  1.72803791e+03\n",
      "  -8.85801363e+01 -2.70268313e+02  6.56599169e+03  1.17282412e+04\n",
      "  -8.54925339e+00  6.45452365e+04  2.13380373e+02  4.64572356e+06\n",
      "   3.16951578e+06  9.21805218e+06  8.83480782e+04  0.00000000e+00\n",
      "   0.00000000e+00  0.00000000e+00  5.33668281e+02 -1.09458124e+03]\n",
      " [ 0.00000000e+00  0.00000000e+00  0.00000000e+00  0.00000000e+00\n",
      "   0.00000000e+00  0.00000000e+00  0.00000000e+00  0.00000000e+00\n",
      "   0.00000000e+00  0.00000000e+00  0.00000000e+00  0.00000000e+00\n",
      "   0.00000000e+00  0.00000000e+00  0.00000000e+00  0.00000000e+00\n",
      "   0.00000000e+00  0.00000000e+00  0.00000000e+00  0.00000000e+00]\n",
      " [ 0.00000000e+00  0.00000000e+00  0.00000000e+00  0.00000000e+00\n",
      "   0.00000000e+00  0.00000000e+00  0.00000000e+00  0.00000000e+00\n",
      "   0.00000000e+00  0.00000000e+00  0.00000000e+00  0.00000000e+00\n",
      "   0.00000000e+00  0.00000000e+00  0.00000000e+00  0.00000000e+00\n",
      "   0.00000000e+00  0.00000000e+00  0.00000000e+00  0.00000000e+00]\n",
      " [ 0.00000000e+00  0.00000000e+00  0.00000000e+00  0.00000000e+00\n",
      "   0.00000000e+00  0.00000000e+00  0.00000000e+00  0.00000000e+00\n",
      "   0.00000000e+00  0.00000000e+00  0.00000000e+00  0.00000000e+00\n",
      "   0.00000000e+00  0.00000000e+00  0.00000000e+00  0.00000000e+00\n",
      "   0.00000000e+00  0.00000000e+00  0.00000000e+00  0.00000000e+00]\n",
      " [ 9.49089691e+00  9.46540089e+00  9.77962469e+00  7.42207293e+00\n",
      "  -4.62478525e+00 -8.47746117e+00  3.37530339e+01  5.00935141e+01\n",
      "  -1.83937071e-01  4.28623879e+02  2.37075282e+00  5.79880973e+04\n",
      "  -9.62116430e+03  3.78822908e+04  5.33668281e+02  0.00000000e+00\n",
      "   0.00000000e+00  0.00000000e+00  1.50999805e+01 -2.86753112e+01]\n",
      " [-2.08208008e+01 -2.01901198e+01 -9.93757842e+00 -3.50721703e+00\n",
      "   5.97765122e+01  7.97029522e+01 -6.69265808e+01 -1.00493056e+02\n",
      "   7.91370032e-01 -8.51364525e+02 -4.42085724e+00 -1.21648869e+05\n",
      "  -1.72203215e+04 -9.19406762e+04 -1.09458124e+03  0.00000000e+00\n",
      "   0.00000000e+00  0.00000000e+00 -2.86753112e+01  1.69510254e+02]]\n"
     ]
    }
   ],
   "source": [
    "feature = x.T\n",
    "\n",
    "# 공분산 행렬 \n",
    "convariance_matrix = np.cov(feature)\n",
    "print(convariance_matrix)"
   ]
  },
  {
   "cell_type": "code",
   "execution_count": 33,
   "metadata": {},
   "outputs": [
    {
     "name": "stdout",
     "output_type": "stream",
     "text": [
      "고유치 : \n",
      " [1.45139313e+09 5.54638391e+08 2.11580229e+08 3.88425469e+04\n",
      " 3.73162610e+03 1.26110022e+03 2.22223654e+02 5.87053851e+01\n",
      " 4.77533589e+01 2.60581712e+01 1.71540406e+01 1.17175669e+01\n",
      " 2.50521137e+00 6.13515528e-01 3.74499656e-01 5.11304472e-02\n",
      " 2.28227014e-02 0.00000000e+00 0.00000000e+00 0.00000000e+00]\n",
      "\n",
      "\n",
      "고유 벡터 : \n",
      " [[-7.34465859e-08  5.43851381e-05  2.36887443e-05  4.32334416e-04\n",
      "  -4.18270641e-03  1.52004310e-03  9.20093023e-02  2.61422914e-02\n",
      "   3.06796257e-02  2.17122251e-01  6.47225647e-02 -4.97742936e-01\n",
      "  -5.77976852e-02 -3.50602927e-01  2.74967961e-01  6.98846168e-01\n",
      "  -2.35412259e-02  0.00000000e+00  0.00000000e+00  0.00000000e+00]\n",
      " [-2.43256057e-06  5.18521311e-05  2.85008080e-05  5.35829349e-04\n",
      "  -4.15842180e-03  2.27100582e-03  8.92579474e-02  1.18237779e-02\n",
      "   3.82116084e-02  2.05934185e-01  7.49101919e-02 -5.08341607e-01\n",
      "  -8.70220337e-02 -2.88049428e-01  2.90852372e-01 -7.11148715e-01\n",
      "   5.57299763e-02  0.00000000e+00  0.00000000e+00  0.00000000e+00]\n",
      " [-1.61571039e-04  6.26546309e-05  3.68398698e-04 -4.91261184e-03\n",
      "   1.21277632e-01  6.75888961e-01  1.98454108e-02  6.61626088e-01\n",
      "  -2.97867765e-01 -3.67091783e-02 -1.45981042e-03 -4.22287409e-03\n",
      "   1.12721983e-02 -2.76656776e-03  2.67105799e-03 -8.00273173e-03\n",
      "  -3.42672887e-05  0.00000000e+00  0.00000000e+00  0.00000000e+00]\n",
      " [-1.54271106e-04  4.03744183e-05  4.13204513e-04 -3.84236633e-03\n",
      "   1.36631356e-01  7.13477464e-01  1.22529396e-02 -6.17687687e-01\n",
      "   2.98720810e-01  3.23438940e-02 -2.70408740e-03  9.52692931e-03\n",
      "  -8.06812920e-03  7.99024186e-03 -1.04165358e-03  8.38107387e-03\n",
      "  -1.35393580e-04  0.00000000e+00  0.00000000e+00  0.00000000e+00]\n",
      " [ 1.24452963e-05 -2.02031012e-05  2.20645921e-06  6.35009142e-04\n",
      "  -1.42953118e-02  1.12618819e-02 -3.71038396e-01  4.51807038e-02\n",
      "  -5.61459219e-03  6.04101621e-01 -2.01524074e-01  8.44514311e-02\n",
      "  -6.19132835e-01  2.52068261e-01 -9.06016902e-03  1.72018271e-02\n",
      "  -1.21194412e-03  0.00000000e+00  0.00000000e+00  0.00000000e+00]\n",
      " [ 2.89581366e-05 -1.84362821e-05 -4.50184790e-06  1.86963602e-03\n",
      "  -1.31773904e-02  1.21787744e-02 -4.63995332e-01  1.68262829e-02\n",
      "   2.80391356e-03  4.26572377e-01 -1.53681821e-01  2.27762278e-01\n",
      "   6.52287053e-01 -3.00959956e-01  9.63354396e-02 -3.01262900e-02\n",
      "   1.97668175e-02  0.00000000e+00  0.00000000e+00  0.00000000e+00]\n",
      " [-5.38918289e-04 -4.09933825e-05  6.63541782e-04  1.05011172e-02\n",
      "  -3.77199451e-02  3.59963950e-03 -5.82196621e-03  2.53478457e-02\n",
      "   8.86921817e-02 -2.50254044e-01 -9.28546997e-01 -2.51489803e-01\n",
      "   3.67138732e-02  1.81066800e-02 -1.23971244e-02 -2.67611030e-03\n",
      "   4.32879434e-04  0.00000000e+00  0.00000000e+00  0.00000000e+00]\n",
      " [-9.97574971e-04 -3.95579336e-04  8.68816787e-04  1.45959414e-02\n",
      "  -1.08171543e-01  6.98852341e-03 -2.39027199e-02  4.14826645e-01\n",
      "   8.93848535e-01 -3.84374485e-02  8.90125340e-02  8.01830865e-02\n",
      "  -2.11739470e-02 -1.17606191e-02  1.06750196e-05  8.61403708e-04\n",
      "  -2.32234442e-04  0.00000000e+00  0.00000000e+00  0.00000000e+00]\n",
      " [ 8.30915477e-07 -2.34326185e-07  3.62753080e-07  1.85892430e-04\n",
      "   1.27032427e-04 -3.43530108e-04 -2.40335283e-03  1.33859838e-04\n",
      "   2.16226321e-04 -1.80579749e-02  6.85505050e-03 -3.73898004e-04\n",
      "   1.64295574e-02  8.85504436e-02  6.09107800e-02  6.02482403e-02\n",
      "   9.92053267e-01  0.00000000e+00  0.00000000e+00  0.00000000e+00]\n",
      " [-5.91705981e-03  1.41293785e-03 -3.54459326e-03  9.94864010e-01\n",
      "   9.98889292e-02 -1.22711535e-02  1.35959357e-03 -3.01167195e-04\n",
      "  -4.59124380e-03  2.56901666e-03  5.16624968e-03  2.76305382e-03\n",
      "  -1.56041971e-03 -1.12451867e-03  4.88538233e-05  1.96076405e-05\n",
      "  -6.49855580e-05  0.00000000e+00  0.00000000e+00  0.00000000e+00]\n",
      " [-1.59597386e-05  2.08782323e-05  1.27725586e-05  1.27689302e-03\n",
      "  -3.46299535e-03 -3.24366025e-03  5.18433756e-03  2.32261650e-03\n",
      "   8.26567618e-03 -2.91474393e-02  1.83907136e-02 -1.64525794e-04\n",
      "   2.00198356e-01  6.08695293e-01  7.59011243e-01  2.57942659e-02\n",
      "  -1.06464504e-01  0.00000000e+00  0.00000000e+00  0.00000000e+00]\n",
      " [-4.07352087e-01  8.65242354e-01 -2.92217064e-01 -4.90916278e-03\n",
      "   2.13375675e-03 -4.21852803e-04 -1.93719659e-04  1.94584408e-04\n",
      "   4.62193198e-04 -7.52390301e-05 -8.84605908e-05  1.57269162e-05\n",
      "  -1.80299053e-05 -5.58301714e-06 -6.86100512e-06 -1.59611013e-06\n",
      "   1.11945299e-06  0.00000000e+00  0.00000000e+00  0.00000000e+00]\n",
      " [-3.92404882e-01 -4.54772438e-01 -7.99486326e-01 -4.36944111e-03\n",
      "  -1.56229435e-03  6.55388810e-04  4.18135837e-05 -5.17059516e-06\n",
      "   5.42696004e-05 -5.77298947e-05 -2.46979595e-04 -1.40022719e-04\n",
      "   3.36328586e-05  1.72688535e-05  9.82664908e-07 -1.16603209e-06\n",
      "   3.64585114e-07  0.00000000e+00  0.00000000e+00  0.00000000e+00]\n",
      " [-8.24616023e-01 -2.11031282e-01  5.24782561e-01 -3.54596178e-03\n",
      "   7.79179232e-03 -1.92689018e-03 -9.36289655e-05 -1.48891297e-04\n",
      "  -4.67036462e-04  3.18752853e-04  3.49611338e-04  6.02037569e-05\n",
      "   2.97891672e-05  3.55854557e-06  1.22972764e-05  8.84233702e-07\n",
      "   1.13277034e-06  0.00000000e+00  0.00000000e+00  0.00000000e+00]\n",
      " [-7.39881115e-03  1.14157000e-03  4.47164199e-03  9.90625189e-02\n",
      "  -9.70955806e-01  1.82486085e-01  8.14510324e-03 -5.33366363e-02\n",
      "  -9.97756024e-02 -1.11494837e-02  3.18262959e-02  4.33940582e-03\n",
